Data shape: (12439, 64)
Data type: float64
First few entries:
[[-0.04143291  0.05293599 -0.0095064  -0.01917635  0.00434432 -0.01871295
  -0.0138882   0.01225269 -0.01403812  0.00585376  0.00431706 -0.02687687
  -0.01521024 -0.03309181 -0.00546873 -0.01675034 -0.01157804  0.02195671
   0.03374601 -0.01680486  0.01718648 -0.00812303 -0.00075983  0.02132977
   0.01045363  0.03221954  0.02214752  0.0023749  -0.0123958  -0.01094428
  -0.04456763 -0.01083525  0.0247916  -0.01891739  0.04857463  0.02457353
   0.03892513 -0.00515186 -0.02315609 -0.01634146  0.023674   -0.01620517
  -0.03993369  0.01082162 -0.0072235  -0.04971949 -0.00308532  0.02551395
  -0.02336053  0.01863118 -0.02469619 -0.01489676 -0.01921724 -0.00057072
   0.06171322  0.01235491 -0.00362538  0.10205579 -0.02169776  0.02177953
   0.01661405 -0.02743567 -0.03982466  0.00634782]
 [-0.025124    0.03626964 -0.01049702 -0.00148752  0.00906079 -0.01749944
   0.01419016  0.0071017   0.00853793  0.01589775 -0.03592547 -0.02560054
  -0.01153613 -0.02268838  0.00019752  0.0196968   0.00944467  0.05051275
   0.06952122 -0.00276655  0.00988149 -0.01186705  0.03878469  0.00273181
   0.00653582  0.01579185 -0.0111324   0.00208319 -0.01014623  0.03957891
  -0.01816129  0.01638752  0.02724194 -0.02753316  0.01325695  0.02536227
  -0.00861735 -0.0082798   0.02338994 -0.04842129  0.03462824 -0.00946452
  -0.03698444  0.01486526 -0.01242963 -0.0123833   0.03621669  0.00783636
  -0.00032265  0.00651265 -0.00674761  0.01192    -0.02284722 -0.01004034
   0.05310722  0.01062939  0.02272809  0.10367292 -0.01603012  0.00355416
   0.01054996 -0.02480631 -0.01865107  0.02644771]
 [ 0.01968544 -0.00180267 -0.00580733  0.03217961 -0.00273714 -0.01020487
  -0.00844586  0.00145911  0.04141444  0.00801904 -0.0478038  -0.03525789
  -0.01354182 -0.01592167  0.01367116  0.00654457  0.01563712  0.05101141
   0.04793314  0.00441047  0.01277872 -0.01545604  0.05494333  0.01905168
   0.02796315  0.02218169 -0.00755988 -0.01950436 -0.0159346  -0.00301199
  -0.01831444  0.0224533   0.03256763 -0.01341248  0.02137978  0.02255677
  -0.00042682  0.01399451  0.0124101  -0.0362926   0.00552602 -0.01783589
  -0.00112687 -0.02383723 -0.00044784 -0.02648868  0.01123312  0.01319261
  -0.00920896 -0.02387603 -0.00779916 -0.01796523 -0.00982979 -0.01549485
   0.03000671 -0.01122665  0.00114546  0.08996841 -0.0181463   0.00455598
  -0.02361735 -0.0057944  -0.00170081  0.03153292]
 [-0.03668725  0.02208529 -0.005187    0.00781428  0.01166401 -0.00157028
  -0.01973493 -0.00041579  0.01232589  0.00728072 -0.00624061 -0.00699705
  -0.02540822 -0.05792155  0.00963783 -0.00602111 -0.01153568  0.0271102
   0.01241369  0.00869904 -0.02539471 -0.01171804  0.01549347  0.0186408
   0.02793418  0.02688057  0.01293374 -0.02521911  0.00244492 -0.03865939
  -0.04517016 -0.00182862  0.04565644 -0.02004561 -0.00489659  0.03274296
   0.02844747  0.0006889  -0.0135551  -0.01926216  0.01098861 -0.02860957
  -0.04468388 -0.00095821  0.00975265 -0.05635464  0.00832757  0.00593331
  -0.00637907  0.01145463 -0.01328494 -0.01862729 -0.01861378 -0.00982694
   0.05986667  0.00753737  0.01289322  0.10390218 -0.02858255  0.02154498
   0.00867878 -0.01575012 -0.02180163  0.01254877]
 [-0.03111642  0.01637179 -0.00742864  0.03830098  0.02335609 -0.04683735
   0.01609643 -0.01269815  0.01481973 -0.01424396 -0.01433158  0.00085661
  -0.00424315 -0.03019019 -0.00717205  0.01233517  0.02206687  0.01756088
   0.01818671 -0.00629275 -0.000751   -0.01348044  0.03744985 -0.00293359
   0.02101547  0.02450762  0.00414614 -0.01605888  0.01076433  0.03089112
  -0.01952599  0.02109058  0.04813908 -0.01398111 -0.00570134  0.03437075
  -0.01496993 -0.01754836  0.00460926 -0.03196755 -0.00756632 -0.0036048
  -0.01602133 -0.01866234 -0.00052883 -0.01199722  0.02560909 -0.0004506
  -0.02254251  0.01921307  0.01960109 -0.00592664 -0.04155532 -0.02766182
   0.03837608  0.01573344  0.00415866  0.0954771  -0.01291719  0.02711109
  -0.02871322 -0.02590949 -0.03054065  0.01122745]]