嵌入数据文件: /home/jsj201-11/mount1/xzz/基线/PTrajM-C973_meta/samples/small_chengdu_road_embed.npy
嵌入数据的形状: (4315, 64)
嵌入数据的类型: float64
前几个嵌入向量：
[[ 7.82551700e-03 -9.19027700e-03  1.96982520e-03  2.48614810e-02
  -2.96885610e-02  1.93889980e-02  3.99881270e-02  5.28424120e-02
  -1.13483450e-02 -3.95847500e-02 -4.80018850e-02  1.98596050e-02
   4.76254000e-02  2.02629800e-02  5.13885750e-04  1.82864330e-02
   4.16486940e-03  3.06230530e-03  2.94734280e-02 -1.14424670e-02
  -6.50109600e-03 -1.52745500e-02  6.03452300e-02 -8.37007600e-03
   1.28576490e-03  2.10966260e-02  1.41316480e-02  4.61530730e-03
  -3.34534160e-02  2.72817440e-02 -4.16016360e-02  2.50766150e-02
   1.69552880e-02 -3.40013370e-03 -2.00747380e-02  3.33458500e-02
   1.43467820e-02  2.54463780e-03  1.14626350e-02 -2.39606050e-02
   1.94293350e-02  1.81250810e-02  2.43505370e-02  2.34899990e-02
  -1.98461580e-02 -1.58258320e-02  2.03571020e-02  1.14710390e-04
  -6.84060500e-03 -2.22395290e-02  4.69799970e-02  2.78868100e-02
   1.41719850e-02 -4.28117660e-02  2.88549160e-02  1.24441860e-02
   1.63703910e-03  7.79862550e-02 -3.23777420e-02 -3.08247400e-03
   9.78862000e-03 -3.31845000e-02  5.94981340e-03  3.66535400e-02]
 [ 7.82551700e-03 -9.19027700e-03  1.96982520e-03  2.48614810e-02
  -2.96885610e-02  1.93889980e-02  3.99881270e-02  5.28424120e-02
  -1.13483450e-02 -3.95847500e-02 -4.80018850e-02  1.98596050e-02
   4.76254000e-02  2.02629800e-02  5.13885750e-04  1.82864330e-02
   4.16486940e-03  3.06230530e-03  2.94734280e-02 -1.14424670e-02
  -6.50109600e-03 -1.52745500e-02  6.03452300e-02 -8.37007600e-03
   1.28576490e-03  2.10966260e-02  1.41316480e-02  4.61530730e-03
  -3.34534160e-02  2.72817440e-02 -4.16016360e-02  2.50766150e-02
   1.69552880e-02 -3.40013370e-03 -2.00747380e-02  3.33458500e-02
   1.43467820e-02  2.54463780e-03  1.14626350e-02 -2.39606050e-02
   1.94293350e-02  1.81250810e-02  2.43505370e-02  2.34899990e-02
  -1.98461580e-02 -1.58258320e-02  2.03571020e-02  1.14710390e-04
  -6.84060500e-03 -2.22395290e-02  4.69799970e-02  2.78868100e-02
   1.41719850e-02 -4.28117660e-02  2.88549160e-02  1.24441860e-02
   1.63703910e-03  7.79862550e-02 -3.23777420e-02 -3.08247400e-03
   9.78862000e-03 -3.31845000e-02  5.94981340e-03  3.66535400e-02]
 [ 7.80371340e-03 -9.16818700e-03  2.00133980e-03  2.49100440e-02
  -2.96823400e-02  1.94252640e-02  4.00066340e-02  5.28582260e-02
  -1.13997390e-02 -3.96302270e-02 -4.80187160e-02  1.98688860e-02
   4.76154200e-02  2.02856210e-02  5.30581900e-04  1.82691590e-02
   4.16735750e-03  3.03813820e-03  2.94941380e-02 -1.14400685e-02
  -6.49973400e-03 -1.52982350e-02  6.03863560e-02 -8.38176600e-03
   1.30986100e-03  2.11190940e-02  1.41555730e-02  4.65130900e-03
  -3.35270650e-02  2.72760280e-02 -4.15391440e-02  2.50579170e-02
   1.69517360e-02 -3.36413300e-03 -2.00974180e-02  3.33657500e-02
   1.43572190e-02  2.57267130e-03  1.14871200e-02 -2.39959140e-02
   1.94387060e-02  1.81078400e-02  2.43588780e-02  2.34985200e-02
  -1.98554430e-02 -1.58359600e-02  2.03662800e-02  1.20147610e-04
  -6.85597540e-03 -2.22079830e-02  4.69701550e-02  2.78809670e-02
   1.41152430e-02 -4.27490250e-02  2.88488700e-02  1.24415790e-02
   1.61485110e-03  7.79161450e-02 -3.23709600e-02 -3.09863200e-03
   9.80001200e-03 -3.31775430e-02  5.97209250e-03  3.66458600e-02]
 [-1.00787430e-02  3.07222380e-02 -3.95381500e-03  4.67287140e-03
  -1.54168910e-02  2.14322680e-02 -1.42058490e-02  4.56371830e-02
  -1.24769260e-02 -1.81815740e-02 -4.79317900e-02  3.81797100e-02
   2.23246140e-02  5.99047800e-04 -3.07063030e-02 -1.96316370e-02
   2.17111250e-03  3.36622030e-03  5.69269700e-03 -1.82293780e-02
  -1.72254870e-02 -5.79627300e-03  2.62286330e-02 -1.30824470e-02
   2.31532230e-02  2.21812020e-02  1.36879680e-02 -1.70820750e-02
   1.38712180e-02  3.16942600e-02 -1.02082130e-03  2.07152030e-02
   3.97124400e-04  1.62694000e-02 -2.60055460e-02  3.57894970e-02
   2.73759370e-02  4.60514870e-02  2.22927440e-02  8.04705900e-03
   6.50935400e-03 -4.18287750e-03 -2.61808280e-02  2.16553550e-02
   2.98378600e-03 -7.44153800e-03 -5.30229500e-03 -2.16314520e-03
   2.97581850e-03 -3.34630200e-02  2.54956330e-02  7.52519600e-03
  -4.91189300e-03  8.46933100e-03  4.06149920e-05  2.49857210e-02
   2.25317660e-02  8.50279400e-02 -9.17842800e-03 -1.11862095e-02
  -2.99892390e-02 -4.39481000e-02 -5.71261530e-03  4.46811000e-02]
 [ 1.31843210e-02  1.05777820e-02  9.99293600e-03  2.44047120e-02
  -4.63833920e-02  8.60663200e-03  2.72062000e-02  7.64777200e-02
   1.73721100e-02 -2.06645820e-02  1.57691990e-02 -6.97483770e-03
   4.26865850e-02 -1.79641790e-02  1.64912300e-02 -2.25996300e-02
  -1.27655420e-02  2.86069440e-02  3.03073320e-03 -7.00732930e-03
  -2.77621650e-03 -1.98847860e-02 -2.52170000e-03  2.30472900e-02
   1.33937100e-02 -1.55959110e-02 -7.32186450e-05  4.84123100e-03
  -1.91519220e-03  2.27729180e-02 -1.73576720e-02  1.24117450e-02
   3.60150000e-02  1.60724520e-02 -2.33361030e-02  1.54966310e-03
   3.84121500e-02  2.58776580e-02  7.55968460e-03  1.26066940e-02
   2.79715550e-02 -1.04766970e-02 -3.61882900e-02  4.95025740e-02
   1.04478160e-02 -3.32423930e-02 -3.59211370e-03  1.35381170e-02
  -2.00003100e-03  8.65717400e-03  3.65926300e-02  2.83758920e-03
  -1.66789600e-02 -3.01629240e-03  3.90619800e-03  2.09100730e-02
   5.08672200e-03  5.16975560e-02 -9.65357900e-03 -7.05426140e-03
   5.32048000e-04 -3.24914800e-02 -3.63615750e-02  3.00076860e-02]]